Proper symmetry operations of Laue group O_{h}   of group O_{h} .



         -1   -1   12



	0.5000000 	-0.8660254 	0.0000000

	0.8660254 	0.5000000 	0.0000000

	0.0000000 	0.0000000 	1.0000000



	-0.5000000 	-0.8660254 	0.0000000

	0.8660254 	-0.5000000 	0.0000000

	0.0000000 	0.0000000 	1.0000000



	-1.0000000 	-0.0000000 	0.0000000

	0.0000000 	-1.0000000 	0.0000000

	0.0000000 	0.0000000 	1.0000000



	-0.5000000 	0.8660254 	0.0000000

	-0.8660254 	-0.5000000 	0.0000000

	0.0000000 	0.0000000 	1.0000000



	0.5000000 	0.8660254 	0.0000000

	-0.8660254 	0.5000000 	0.0000000

	0.0000000 	0.0000000 	1.0000000



	1.0000000 	0.0000000 	0.0000000

	0.0000000 	1.0000000 	0.0000000

	0.0000000 	0.0000000 	1.0000000



	1.0000000 	0.0000000 	0.0000000

	0.0000000 	-1.0000000 	0.0000000

	0.0000000 	0.0000000 	-1.0000000



	0.5000000 	0.8660254 	0.0000000

	0.8660254 	-0.5000000 	0.0000000

	0.0000000 	0.0000000 	-1.0000000



	-0.5000000 	0.8660254 	0.0000000

	0.8660254 	0.5000000 	0.0000000

	0.0000000 	0.0000000 	-1.0000000



	-1.0000000 	0.0000000 	0.0000000

	0.0000000 	1.0000000 	0.0000000

	0.0000000 	0.0000000 	-1.0000000



	-0.5000000 	-0.8660254 	0.0000000

	-0.8660254 	0.5000000 	0.0000000

	0.0000000 	0.0000000 	-1.0000000



	0.5000000 	-0.8660254 	0.0000000

	-0.8660254 	-0.5000000 	0.0000000

	0.0000000 	0.0000000 	-1.0000000

